2,  0,  -4.8416499e-4,  0
2,  1,   0,             0
2,  2,   2.4389280e-6, -1.3998397e-6
3,  0,   9.5723751e-7,  0
3,  1,   2.0297737e-6,  2.4959463e-7
3,  2,   9.0354910e-7, -6.2041982e-7
3,  3,   7.2098662e-7,  1.4131694e-6
4,  0,   5.3873219e-7,  0
4,  1,  -5.3342722e-7, -4.7511891e-7
4,  2,   3.4700208e-7,  6.6403042e-7
4,  3,   9.9097790e-7, -2.0062149e-7
4,  4,  -1.9003480e-7,  3.0845955e-7
5,  0,   6.8780161e-8,  0
5,  1,  -5.8950310e-8, -9.5543463e-8
5,  2,   6.5579025e-7, -3.2340559e-7
5,  3,  -4.4820358e-7, -2.1513633e-7
5,  4,  -2.9482361e-7,  5.2408737e-8
5,  5,   1.7775628e-7, -6.6602811e-7
6,  0,  -1.4810038e-7,  0
6,  1,  -8.1375094e-8,  2.3890050e-8
6,  2,   5.1609578e-8, -3.7499560e-7
6,  3,   6.1970909e-8,  4.6429830e-9
6,  4,  -9.2797469e-8, -4.7330695e-7
6,  5,  -2.6576497e-7, -5.3774724e-7
6,  6,   9.0593110e-9, -2.3633442e-7
7,  0,   9.0533705e-8,  0
7,  1,   2.7709714e-7,  9.7817738e-8
7,  2,   3.1771079e-7,  9.1608267e-8
7,  3,   2.5074289e-7, -2.0916391e-7
7,  4,  -2.7374044e-7, -1.2202073e-7
7,  5,   3.4749784e-9,  1.9651896e-8
7,  6,  -3.5785266e-7,  1.5091751e-7
7,  7,   1.5976040e-9,  2.2001281e-8
8,  0,   4.5902321e-8,  0
8,  1,   2.8856051e-8,  5.4722278e-8
8,  2,   7.0380074e-8,  6.8449357e-8
8,  3,  -1.9966400e-8, -8.6936688e-8
8,  4,  -2.4606388e-7,  6.7745274e-8
8,  5,  -2.4933453e-8,  8.5300324e-8
8,  6,  -6.6417800e-8,  3.1283228e-7
8,  7,   7.0424829e-8,  7.4862572e-8
8,  8,  -1.1888272e-7,  1.2233200e-7
